0.000000	10.000000	180.000000	10.000000
0.000000	10.000000	180.000000	10.000000
0.000000	10.000000	180.000000	10.000000
1.000000	10.521837	1.476041	10.569250
1.000000	10.521837	1.476041	10.569250
1.000000	10.521837	1.476041	10.569250
2.000000	11.039193	1.391568	11.218903
2.000000	11.039193	1.391568	11.218903
2.000000	11.039193	1.391568	11.218903
3.000000	11.550640	1.316685	11.933871
3.000000	11.550640	1.316685	11.933871
3.000000	11.550640	1.316685	11.933871
4.000000	12.054757	1.250409	12.701070
4.000000	12.054757	1.250409	12.701070
4.000000	12.054757	1.250409	12.701070
5.000000	12.550138	1.191668	13.509476
5.000000	12.550138	1.191668	13.509476
5.000000	12.550138	1.191668	13.509476
6.000000	13.035389	1.139422	14.349960
6.000000	13.035389	1.139422	14.349960
7.000000	13.509141	1.092720	15.215022
7.000000	13.509141	1.092720	15.215022
7.000000	13.509141	1.092720	15.215022
8.000000	13.970047	1.050727	16.098516
8.000000	13.970047	1.050727	16.098516
8.000000	13.970047	1.050727	16.098516
9.000000	14.416789	1.012721	16.995405
9.000000	14.416789	1.012721	16.995405
9.000000	14.416789	1.012721	16.995405
10.000000	14.848078	0.978086	17.901548
10.000000	14.848078	0.978086	17.901548
10.000000	14.848078	0.978086	17.901548
11.000000	15.262662	0.946304	18.813529
11.000000	15.262662	0.946304	18.813529
11.000000	15.262662	0.946304	18.813529
12.000000	15.659329	0.916934	19.728522
12.000000	15.659329	0.916934	19.728522
13.000000	16.036905	0.889607	20.644183
13.000000	16.036905	0.889607	20.644183
13.000000	16.036905	0.889607	20.644183
14.000000	16.394263	0.864009	21.558568
14.000000	16.394263	0.864009	21.558568
14.000000	16.394263	0.864009	21.558568
15.000000	16.730326	0.839876	22.470065
15.000000	16.730326	0.839876	22.470065
15.000000	16.730326	0.839876	22.470065
16.000000	17.044065	0.816984	23.377343
16.000000	17.044065	0.816984	23.377343
16.000000	17.044065	0.816984	23.377343
17.000000	17.334507	0.795140	24.279315
17.000000	17.334507	0.795140	24.279315
17.000000	17.334507	0.795140	24.279315
18.000000	17.600735	0.774184	25.175104
18.000000	17.600735	0.774184	25.175104
18.000000	17.600735	0.774184	25.175104
19.000000	17.841892	0.753974	26.064019
19.000000	17.841892	0.753974	26.064019
20.000000	18.057180	0.734392	26.945533
20.000000	18.057180	0.734392	26.945533
20.000000	18.057180	0.734392	26.945533
21.000000	18.245870	0.715337	27.819270
21.000000	18.245870	0.715337	27.819270
21.000000	18.245870	0.715337	27.819270
22.000000	18.407293	0.696719	28.684986
22.000000	18.407293	0.696719	28.684986
22.000000	18.407293	0.696719	28.684986
23.000000	18.540853	0.678464	29.542566
23.000000	18.540853	0.678464	29.542566
23.000000	18.540853	0.678464	29.542566
24.000000	18.646020	0.660507	30.392006
24.000000	18.646020	0.660507	30.392006
24.000000	18.646020	0.660507	30.392006
25.000000	18.722336	0.642793	31.233410
25.000000	18.722336	0.642793	31.233410
26.000000	18.769416	0.625274	32.066977
26.000000	18.769416	0.625274	32.066977
26.000000	18.769416	0.625274	32.066977
27.000000	18.786949	0.607910	32.893000
27.000000	18.786949	0.607910	32.893000
27.000000	18.786949	0.607910	32.893000
28.000000	18.774695	0.590669	33.711855
28.000000	18.774695	0.590669	33.711855
28.000000	18.774695	0.590669	33.711855
29.000000	18.732492	0.573521	34.523996
29.000000	18.732492	0.573521	34.523996
29.000000	18.732492	0.573521	34.523996
30.000000	18.660254	0.556445	35.329946
30.000000	18.660254	0.556445	35.329946
30.000000	18.660254	0.556445	35.329946
31.000000	18.557968	0.539422	36.130295
31.000000	18.557968	0.539422	36.130295
31.000000	18.557968	0.539422	36.130295
32.000000	18.425700	0.522438	36.925688
32.000000	18.425700	0.522438	36.925688
33.000000	18.263589	0.505482	37.716822
33.000000	18.263589	0.505482	37.716822
33.000000	18.263589	0.505482	37.716822
34.000000	18.071852	0.488548	38.504439
34.000000	18.071852	0.488548	38.504439
34.000000	18.071852	0.488548	38.504439
35.000000	17.850778	0.471633	39.289315
35.000000	17.850778	0.471633	39.289315
35.000000	17.850778	0.471633	39.289315
36.000000	17.600735	0.454736	40.072258
36.000000	17.600735	0.454736	40.072258
36.000000	17.600735	0.454736	40.072258
37.000000	17.322159	0.437858	40.854096
37.000000	17.322159	0.437858	40.854096
37.000000	17.322159	0.437858	40.854096
38.000000	17.015562	0.421005	41.635674
38.000000	17.015562	0.421005	41.635674
39.000000	16.681524	0.404182	42.417841
39.000000	16.681524	0.404182	42.417841
39.000000	16.681524	0.404182	42.417841
40.000000	16.320698	0.387399	43.201449
40.000000	16.320698	0.387399	43.201449
40.000000	16.320698	0.387399	43.201449
41.000000	15.933801	0.370666	43.987339
41.000000	15.933801	0.370666	43.987339
41.000000	15.933801	0.370666	43.987339
42.000000	15.521618	0.353995	44.776340
42.000000	15.521618	0.353995	44.776340
42.000000	15.521618	0.353995	44.776340
43.000000	15.084996	0.337400	45.569256
43.000000	15.084996	0.337400	45.569256
43.000000	15.084996	0.337400	45.569256
44.000000	14.624846	0.320895	46.366864
44.000000	14.624846	0.320895	46.366864
45.000000	14.142135	0.304496	47.169905
45.000000	14.142135	0.304496	47.169905
45.000000	14.142135	0.304496	47.169905
46.000000	13.637889	0.288221	47.979079
46.000000	13.637889	0.288221	47.979079
46.000000	13.637889	0.288221	47.979079
47.000000	13.113187	0.272085	48.795037
47.000000	13.113187	0.272085	48.795037
47.000000	13.113187	0.272085	48.795037
48.000000	12.569158	0.256107	49.618381
48.000000	12.569158	0.256107	49.618381
48.000000	12.569158	0.256107	49.618381
49.000000	12.006980	0.240305	50.449654
49.000000	12.006980	0.240305	50.449654
49.000000	12.006980	0.240305	50.449654
50.000000	11.427875	0.224698	51.289339
50.000000	11.427875	0.224698	51.289339
50.000000	11.427875	0.224698	51.289339
51.000000	10.833108	0.209303	52.137858
51.000000	10.833108	0.209303	52.137858
52.000000	10.223980	0.194139	52.995564
52.000000	10.223980	0.194139	52.995564
52.000000	10.223980	0.194139	52.995564
53.000000	9.601829	0.179223	53.862743
53.000000	9.601829	0.179223	53.862743
53.000000	9.601829	0.179223	53.862743
54.000000	8.968022	0.164572	54.739615
54.000000	8.968022	0.164572	54.739615
54.000000	8.968022	0.164572	54.739615
55.000000	8.323954	0.150205	55.626327
55.000000	8.323954	0.150205	55.626327
55.000000	8.323954	0.150205	55.626327
56.000000	7.671045	0.136136	56.522959
56.000000	7.671045	0.136136	56.522959
56.000000	7.671045	0.136136	56.522959
57.000000	7.010734	0.122381	57.429525
57.000000	7.010734	0.122381	57.429525
58.000000	6.344476	0.108954	58.345971
58.000000	6.344476	0.108954	58.345971
58.000000	6.344476	0.108954	58.345971
59.000000	5.673739	0.095870	59.272180
59.000000	5.673739	0.095870	59.272180
59.000000	5.673739	0.095870	59.272180
60.000000	4.999999	0.083141	60.207973
60.000000	4.999999	0.083141	60.207973
60.000000	4.999999	0.083141	60.207973
61.000000	4.324735	0.070779	61.153114
61.000000	4.324735	0.070779	61.153114
61.000000	4.324735	0.070779	61.153114
62.000000	3.649430	0.058794	62.107313
62.000000	3.649430	0.058794	62.107313
62.000000	3.649430	0.058794	62.107313
63.000000	2.975559	0.047196	63.070230
63.000000	2.975559	0.047196	63.070230
63.000000	2.975559	0.047196	63.070230
64.000000	2.304593	0.035994	64.041480
64.000000	2.304593	0.035994	64.041480
65.000000	1.637991	0.025195	65.020635
65.000000	1.637991	0.025195	65.020635
65.000000	1.637991	0.025195	65.020635
66.000000	0.977195	0.014805	66.007234
66.000000	0.977195	0.014805	66.007234
66.000000	0.977195	0.014805	66.007234
67.000000	0.323631	0.004830	67.000782
67.000000	0.323631	0.004830	67.000782
67.000000	0.323631	0.004830	67.000782
68.000000	-0.321302	3.136868	68.000759
68.000000	-0.321302	3.136868	68.000759
68.000000	-0.321302	3.136868	68.000759
69.000000	-0.956227	3.127735	69.006626
69.000000	-0.956227	3.127735	69.006626
69.000000	-0.956227	3.127735	69.006626
70.000000	-1.579800	3.119028	70.017825
70.000000	-1.579800	3.119028	70.017825
71.000000	-2.190710	3.110747	71.033789
71.000000	-2.190710	3.110747	71.033789
71.000000	-2.190710	3.110747	71.033789
72.000000	-2.787684	3.102894	72.053946
72.000000	-2.787684	3.102894	72.053946
72.000000	-2.787684	3.102894	72.053946
73.000000	-3.369488	3.095468	73.077722
73.000000	-3.369488	3.095468	73.077722
73.000000	-3.369488	3.095468	73.077722
74.000000	-3.934934	3.088468	74.104546
74.000000	-3.934934	3.088468	74.104546
74.000000	-3.934934	3.088468	74.104546
75.000000	-4.482878	3.081892	75.133855
75.000000	-4.482878	3.081892	75.133855
75.000000	-4.482878	3.081892	75.133855
76.000000	-5.012230	3.075738	76.165100
76.000000	-5.012230	3.075738	76.165100
76.000000	-5.012230	3.075738	76.165100
77.000000	-5.521950	3.070002	77.197746
77.000000	-5.521950	3.070002	77.197746
78.000000	-6.011054	3.064680	78.231277
78.000000	-6.011054	3.064680	78.231277
78.000000	-6.011054	3.064680	78.231277
79.000000	-6.478617	3.059768	79.265203
79.000000	-6.478617	3.059768	79.265203
79.000000	-6.478617	3.059768	79.265203
80.000000	-6.923773	3.055261	80.299058
80.000000	-6.923773	3.055261	80.299058
80.000000	-6.923773	3.055261	80.299058
81.000000	-7.345722	3.051152	81.332402
81.000000	-7.345722	3.051152	81.332402
81.000000	-7.345722	3.051152	81.332402
82.000000	-7.743724	3.047436	82.364830
82.000000	-7.743724	3.047436	82.364830
82.000000	-7.743724	3.047436	82.364830
83.000000	-8.117112	3.044106	83.395968
83.000000	-8.117112	3.044106	83.395968
84.000000	-8.465281	3.041155	84.425476
84.000000	-8.465281	3.041155	84.425476
84.000000	-8.465281	3.041155	84.425476
85.000000	-8.787702	3.038574	85.453050
85.000000	-8.787702	3.038574	85.453050
85.000000	-8.787702	3.038574	85.453050
86.000000	-9.083912	3.036356	86.478422
86.000000	-9.083912	3.036356	86.478422
86.000000	-9.083912	3.036356	86.478422
87.000000	-9.353524	3.034492	87.501362
87.000000	-9.353524	3.034492	87.501362
87.000000	-9.353524	3.034492	87.501362
88.000000	-9.596225	3.032974	88.521678
88.000000	-9.596225	3.032974	88.521678
88.000000	-9.596225	3.032974	88.521678
89.000000	-9.811772	3.031792	89.539214
89.000000	-9.811772	3.031792	89.539214
90.000000	-10.000000	3.030936	90.553851
90.000000	-10.000000	3.030936	90.553851
90.000000	-10.000000	3.030936	90.553851
91.000000	-10.160820	3.030396	91.565508
91.000000	-10.160820	3.030396	91.565508
91.000000	-10.160820	3.030396	91.565508
92.000000	-10.294214	3.030163	92.574137
92.000000	-10.294214	3.030163	92.574137
92.000000	-10.294214	3.030163	92.574137
93.000000	-10.400243	3.030225	93.579726
93.000000	-10.400243	3.030225	93.579726
93.000000	-10.400243	3.030225	93.579726
94.000000	-10.479041	3.030572	94.582294
94.000000	-10.479041	3.030572	94.582294
94.000000	-10.479041	3.030572	94.582294
95.000000	-10.530816	3.031193	95.581892
95.000000	-10.530816	3.031193	95.581892
95.000000	-10.530816	3.031193	95.581892
96.000000	-10.555850	3.032076	96.578600
96.000000	-10.555850	3.032076	96.578600
97.000000	-10.554498	3.033210	97.572524
97.000000	-10.554498	3.033210	97.572524
97.000000	-10.554498	3.033210	97.572524
98.000000	-10.527185	3.034583	98.563795
98.000000	-10.527185	3.034583	98.563795
98.000000	-10.527185	3.034583	98.563795
99.000000	-10.474410	3.036183	99.552565
99.000000	-10.474410	3.036183	99.552565
99.000000	-10.474410	3.036183	99.552565
100.000000	-10.396736	3.037998	100.539008
100.000000	-10.396736	3.037998	100.539008
100.000000	-10.396736	3.037998	100.539008
101.000000	-10.294795	3.040015	101.523312
101.000000	-10.294795	3.040015	101.523312
101.000000	-10.294795	3.040015	101.523312
102.000000	-10.169286	3.042222	102.505680
102.000000	-10.169286	3.042222	102.505680
103.000000	-10.020970	3.044607	103.486327
103.000000	-10.020970	3.044607	103.486327
103.000000	-10.020970	3.044607	103.486327
104.000000	-9.850667	3.047157	104.465476
104.000000	-9.850667	3.047157	104.465476
104.000000	-9.850667	3.047157	104.465476
105.000000	-9.659258	3.049858	105.443356
105.000000	-9.659258	3.049858	105.443356
105.000000	-9.659258	3.049858	105.443356
106.000000	-9.447679	3.052699	106.420198
106.000000	-9.447679	3.052699	106.420198
106.000000	-9.447679	3.052699	106.420198
107.000000	-9.216920	3.055665	107.396237
107.000000	-9.216920	3.055665	107.396237
107.000000	-9.216920	3.055665	107.396237
108.000000	-8.968022	3.058746	108.371700
108.000000	-8.968022	3.058746	108.371700
108.000000	-8.968022	3.058746	108.371700
109.000000	-8.702071	3.061926	109.346815
109.000000	-8.702071	3.061926	109.346815
110.000000	-8.420201	3.065194	110.321801
110.000000	-8.420201	3.065194	110.321801
110.000000	-8.420201	3.065194	110.321801
111.000000	-8.123584	3.068538	111.296867
111.000000	-8.123584	3.068538	111.296867
111.000000	-8.123584	3.068538	111.296867
112.000000	-7.813431	3.071943	112.272213
112.000000	-7.813431	3.071943	112.272213
112.000000	-7.813431	3.071943	112.272213
113.000000	-7.490990	3.075398	113.248024
113.000000	-7.490990	3.075398	113.248024
113.000000	-7.490990	3.075398	113.248024
114.000000	-7.157535	3.078890	114.224473
114.000000	-7.157535	3.078890	114.224473
114.000000	-7.157535	3.078890	114.224473
115.000000	-6.814372	3.082407	115.201717
115.000000	-6.814372	3.082407	115.201717
116.000000	-6.462827	3.085936	116.179896
116.000000	-6.462827	3.085936	116.179896
116.000000	-6.462827	3.085936	116.179896
117.000000	-6.104248	3.089467	117.159130
117.000000	-6.104248	3.089467	117.159130
117.000000	-6.104248	3.089467	117.159130
118.000000	-5.739999	3.092987	118.139526
118.000000	-5.739999	3.092987	118.139526
118.000000	-5.739999	3.092987	118.139526
119.000000	-5.371455	3.096485	119.121167
119.000000	-5.371455	3.096485	119.121167
119.000000	-5.371455	3.096485	119.121167
120.000000	-4.999999	3.099950	120.104121
120.000000	-4.999999	3.099950	120.104121
120.000000	-4.999999	3.099950	120.104121
121.000000	-4.627020	3.103372	121.088436
121.000000	-4.627020	3.103372	121.088436
121.000000	-4.627020	3.103372	121.088436
122.000000	-4.253907	3.106739	122.074140
122.000000	-4.253907	3.106739	122.074140
123.000000	-3.882044	3.110042	123.061246
123.000000	-3.882044	3.110042	123.061246
123.000000	-3.882044	3.110042	123.061246
124.000000	-3.512811	3.113271	124.049747
124.000000	-3.512811	3.113271	124.049747
124.000000	-3.512811	3.113271	124.049747
125.000000	-3.147573	3.116417	125.039623
125.000000	-3.147573	3.116417	125.039623
125.000000	-3.147573	3.116417	125.039623
126.000000	-2.787681	3.119472	126.030834
126.000000	-2.787681	3.119472	126.030834
126.000000	-2.787681	3.119472	126.030834
127.000000	-2.434470	3.122426	127.023331
127.000000	-2.434470	3.122426	127.023331
127.000000	-2.434470	3.122426	127.023331
128.000000	-2.089247	3.125272	128.017049
128.000000	-2.089247	3.125272	128.017049
129.000000	-1.753298	3.128002	129.011914
129.000000	-1.753298	3.128002	129.011914
129.000000	-1.753298	3.128002	129.011914
130.000000	-1.427875	3.130610	130.007841
130.000000	-1.427875	3.130610	130.007841
130.000000	-1.427875	3.130610	130.007841
131.000000	-1.114199	3.133088	131.004738
131.000000	-1.114199	3.133088	131.004738
131.000000	-1.114199	3.133088	131.004738
132.000000	-0.813452	3.135430	132.002506
132.000000	-0.813452	3.135430	132.002506
132.000000	-0.813452	3.135430	132.002506
133.000000	-0.526779	3.137632	133.001043
133.000000	-0.526779	3.137632	133.001043
133.000000	-0.526779	3.137632	133.001043
134.000000	-0.255277	3.139688	134.000243
134.000000	-0.255277	3.139688	134.000243
135.000000	0.000001	0.000000	135.000000
135.000000	0.000001	0.000000	135.000000
135.000000	0.000001	0.000000	135.000000
136.000000	0.238051	0.001750	136.000208
136.000000	0.238051	0.001750	136.000208
136.000000	0.238051	0.001750	136.000208
137.000000	0.457923	0.003342	137.000765
137.000000	0.457923	0.003342	137.000765
137.000000	0.457923	0.003342	137.000765
138.000000	0.658722	0.004773	138.001572
138.000000	0.658722	0.004773	138.001572
138.000000	0.658722	0.004773	138.001572
139.000000	0.839611	0.006040	139.002536
139.000000	0.839611	0.006040	139.002536
139.000000	0.839611	0.006040	139.002536
140.000000	0.999810	0.007141	140.003570
140.000000	0.999810	0.007141	140.003570
140.000000	0.999810	0.007141	140.003570
141.000000	1.138606	0.008075	141.004597
141.000000	1.138606	0.008075	141.004597
142.000000	1.255347	0.008840	142.005549
142.000000	1.255347	0.008840	142.005549
142.000000	1.255347	0.008840	142.005549
143.000000	1.349449	0.009436	143.006367
143.000000	1.349449	0.009436	143.006367
143.000000	1.349449	0.009436	143.006367
144.000000	1.420395	0.009864	144.007005
144.000000	1.420395	0.009864	144.007005
144.000000	1.420395	0.009864	144.007005
145.000000	1.467738	0.010122	145.007428
145.000000	1.467738	0.010122	145.007428
145.000000	1.467738	0.010122	145.007428
146.000000	1.491100	0.010213	146.007614
146.000000	1.491100	0.010213	146.007614
146.000000	1.491100	0.010213	146.007614
147.000000	1.490178	0.010137	147.007553
147.000000	1.490178	0.010137	147.007553
148.000000	1.464738	0.009897	148.007248
148.000000	1.464738	0.009897	148.007248
148.000000	1.464738	0.009897	148.007248
149.000000	1.414622	0.009494	149.006715
149.000000	1.414622	0.009494	149.006715
149.000000	1.414622	0.009494	149.006715
150.000000	1.339746	0.008931	150.005983
150.000000	1.339746	0.008931	150.005983
150.000000	1.339746	0.008931	150.005983
151.000000	1.240098	0.008212	151.005092
151.000000	1.240098	0.008212	151.005092
151.000000	1.240098	0.008212	151.005092
152.000000	1.115742	0.007340	152.004095
152.000000	1.115742	0.007340	152.004095
152.000000	1.115742	0.007340	152.004095
153.000000	0.966817	0.006319	153.003055
153.000000	0.966817	0.006319	153.003055
153.000000	0.966817	0.006319	153.003055
154.000000	0.793535	0.005153	154.002044
154.000000	0.793535	0.005153	154.002044
155.000000	0.596179	0.003846	155.001147
155.000000	0.596179	0.003846	155.001147
155.000000	0.596179	0.003846	155.001147
156.000000	0.375110	0.002405	156.000451
156.000000	0.375110	0.002405	156.000451
156.000000	0.375110	0.002405	156.000451
157.000000	0.130755	0.000833	157.000054
157.000000	0.130755	0.000833	157.000054
157.000000	0.130755	0.000833	157.000054
158.000000	-0.136385	3.140730	158.000059
158.000000	-0.136385	3.140730	158.000059
158.000000	-0.136385	3.140730	158.000059
159.000000	-0.425740	3.138915	159.000570
159.000000	-0.425740	3.138915	159.000570
159.000000	-0.425740	3.138915	159.000570
160.000000	-0.736674	3.136989	160.001696
160.000000	-0.736674	3.136989	160.001696
161.000000	-1.068482	3.134956	161.003545
161.000000	-1.068482	3.134956	161.003545
161.000000	-1.068482	3.134956	161.003545
162.000000	-1.420397	3.132825	162.006227
162.000000	-1.420397	3.132825	162.006227
162.000000	-1.420397	3.132825	162.006227
163.000000	-1.791590	3.130602	163.009846
163.000000	-1.791590	3.130602	163.009846
163.000000	-1.791590	3.130602	163.009846
164.000000	-2.181171	3.128294	164.014504
164.000000	-2.181171	3.128294	164.014504
164.000000	-2.181171	3.128294	164.014504
165.000000	-2.588192	3.125908	165.020298
165.000000	-2.588192	3.125908	165.020298
165.000000	-2.588192	3.125908	165.020298
166.000000	-3.011653	3.123452	166.027317
166.000000	-3.011653	3.123452	166.027317
166.000000	-3.011653	3.123452	166.027317
167.000000	-3.450499	3.120934	167.035643
167.000000	-3.450499	3.120934	167.035643
168.000000	-3.903626	3.118361	168.045346
168.000000	-3.903626	3.118361	168.045346
168.000000	-3.903626	3.118361	168.045346
169.000000	-4.369884	3.115741	169.056487
169.000000	-4.369884	3.115741	169.056487
169.000000	-4.369884	3.115741	169.056487
170.000000	-4.848080	3.113082	170.069115
170.000000	-4.848080	3.113082	170.069115
170.000000	-4.848080	3.113082	170.069115
171.000000	-5.336981	3.110392	171.083264
171.000000	-5.336981	3.110392	171.083264
171.000000	-5.336981	3.110392	171.083264
172.000000	-5.835317	3.107679	172.098957
172.000000	-5.835317	3.107679	172.098957
172.000000	-5.835317	3.107679	172.098957
173.000000	-6.341784	3.104951	173.116199
173.000000	-6.341784	3.104951	173.116199
174.000000	-6.855052	3.102216	174.134981
174.000000	-6.855052	3.102216	174.134981
174.000000	-6.855052	3.102216	174.134981
175.000000	-7.373759	3.099482	175.155281
175.000000	-7.373759	3.099482	175.155281
175.000000	-7.373759	3.099482	175.155281
176.000000	-7.896526	3.096756	176.177056
176.000000	-7.896526	3.096756	176.177056
176.000000	-7.896526	3.096756	176.177056
177.000000	-8.421953	3.094047	177.200252
177.000000	-8.421953	3.094047	177.200252
177.000000	-8.421953	3.094047	177.200252
178.000000	-8.948626	3.091362	178.224796
178.000000	-8.948626	3.091362	178.224796
178.000000	-8.948626	3.091362	178.224796
179.000000	-9.475120	3.088708	179.250601
179.000000	-9.475120	3.088708	179.250601
180.000000	-10.000003	3.086094	180.277564
180.000000	-10.000003	3.086094	180.277564
180.000000	-10.000003	3.086094	180.277564
181.000000	-10.521839	3.083526	181.305568
181.000000	-10.521839	3.083526	181.305568
181.000000	-10.521839	3.083526	181.305568
182.000000	-11.039196	3.081012	182.334483
182.000000	-11.039196	3.081012	182.334483
182.000000	-11.039196	3.081012	182.334483
183.000000	-11.550643	3.078558	183.364166
183.000000	-11.550643	3.078558	183.364166
183.000000	-11.550643	3.078558	183.364166
184.000000	-12.054760	3.076171	184.394461
184.000000	-12.054760	3.076171	184.394461
184.000000	-12.054760	3.076171	184.394461
185.000000	-12.550140	3.073858	185.425203
185.000000	-12.550140	3.073858	185.425203
185.000000	-12.550140	3.073858	185.425203
186.000000	-13.035391	3.071624	186.456219
186.000000	-13.035391	3.071624	186.456219
187.000000	-13.509143	3.069477	187.487325
187.000000	-13.509143	3.069477	187.487325
187.000000	-13.509143	3.069477	187.487325
188.000000	-13.970049	3.067420	188.518334
188.000000	-13.970049	3.067420	188.518334
188.000000	-13.970049	3.067420	188.518334
189.000000	-14.416791	3.065461	189.549054
189.000000	-14.416791	3.065461	189.549054
189.000000	-14.416791	3.065461	189.549054
190.000000	-14.848080	3.063603	190.579289
190.000000	-14.848080	3.063603	190.579289
190.000000	-14.848080	3.063603	190.579289
191.000000	-15.262664	3.061853	191.608844
191.000000	-15.262664	3.061853	191.608844
191.000000	-15.262664	3.061853	191.608844
192.000000	-15.659331	3.060214	192.637521
192.000000	-15.659331	3.060214	192.637521
193.000000	-16.036907	3.058690	193.665129
193.000000	-16.036907	3.058690	193.665129
193.000000	-16.036907	3.058690	193.665129
194.000000	-16.394265	3.057287	194.691479
194.000000	-16.394265	3.057287	194.691479
194.000000	-16.394265	3.057287	194.691479
195.000000	-16.730328	3.056006	195.716386
195.000000	-16.730328	3.056006	195.716386
195.000000	-16.730328	3.056006	195.716386
196.000000	-17.044067	3.054851	196.739676
196.000000	-17.044067	3.054851	196.739676
196.000000	-17.044067	3.054851	196.739676
197.000000	-17.334509	3.053826	197.761182
197.000000	-17.334509	3.053826	197.761182
197.000000	-17.334509	3.053826	197.761182
198.000000	-17.600737	3.052933	198.780748
198.000000	-17.600737	3.052933	198.780748
198.000000	-17.600737	3.052933	198.780748
199.000000	-17.841893	3.052174	199.798231
199.000000	-17.841893	3.052174	199.798231
200.000000	-18.057181	3.051551	200.813500
200.000000	-18.057181	3.051551	200.813500
200.000000	-18.057181	3.051551	200.813500
201.000000	-18.245870	3.051065	201.826440
201.000000	-18.245870	3.051065	201.826440
201.000000	-18.245870	3.051065	201.826440
202.000000	-18.407294	3.050719	202.836950
202.000000	-18.407294	3.050719	202.836950
202.000000	-18.407294	3.050719	202.836950
203.000000	-18.540853	3.050511	203.844949
203.000000	-18.540853	3.050511	203.844949
203.000000	-18.540853	3.050511	203.844949
204.000000	-18.646020	3.050444	204.850370
204.000000	-18.646020	3.050444	204.850370
204.000000	-18.646020	3.050444	204.850370
205.000000	-18.722336	3.050517	205.853166
205.000000	-18.722336	3.050517	205.853166
206.000000	-18.769417	3.050730	206.853308
206.000000	-18.769417	3.050730	206.853308
206.000000	-18.769417	3.050730	206.853308
207.000000	-18.786949	3.051083	207.850786
207.000000	-18.786949	3.051083	207.850786
207.000000	-18.786949	3.051083	207.850786
208.000000	-18.774695	3.051574	208.845611
208.000000	-18.774695	3.051574	208.845611
208.000000	-18.774695	3.051574	208.845611
209.000000	-18.732492	3.052202	209.837809
209.000000	-18.732492	3.052202	209.837809
209.000000	-18.732492	3.052202	209.837809
210.000000	-18.660254	3.052967	210.827430
210.000000	-18.660254	3.052967	210.827430
210.000000	-18.660254	3.052967	210.827430
211.000000	-18.557968	3.053866	211.814537
211.000000	-18.557968	3.053866	211.814537
211.000000	-18.557968	3.053866	211.814537
212.000000	-18.425699	3.054897	212.799216
212.000000	-18.425699	3.054897	212.799216
213.000000	-18.263588	3.056057	213.781568
213.000000	-18.263588	3.056057	213.781568
213.000000	-18.263588	3.056057	213.781568
214.000000	-18.071851	3.057345	214.761709
214.000000	-18.071851	3.057345	214.761709
214.000000	-18.071851	3.057345	214.761709
215.000000	-17.850777	3.058756	215.739774
215.000000	-17.850777	3.058756	215.739774
215.000000	-17.850777	3.058756	215.739774
216.000000	-17.600734	3.060287	216.715910
216.000000	-17.600734	3.060287	216.715910
216.000000	-17.600734	3.060287	216.715910
217.000000	-17.322158	3.061936	217.690278
217.000000	-17.322158	3.061936	217.690278
217.000000	-17.322158	3.061936	217.690278
218.000000	-17.015560	3.063698	218.663050
218.000000	-17.015560	3.063698	218.663050
219.000000	-16.681523	3.065568	219.634408
219.000000	-16.681523	3.065568	219.634408
219.000000	-16.681523	3.065568	219.634408
220.000000	-16.320696	3.067543	220.604545
220.000000	-16.320696	3.067543	220.604545
220.000000	-16.320696	3.067543	220.604545
221.000000	-15.933799	3.069619	221.573658
221.000000	-15.933799	3.069619	221.573658
221.000000	-15.933799	3.069619	221.573658
222.000000	-15.521616	3.071789	222.541952
222.000000	-15.521616	3.071789	222.541952
222.000000	-15.521616	3.071789	222.541952
223.000000	-15.084994	3.074050	223.509635
223.000000	-15.084994	3.074050	223.509635
223.000000	-15.084994	3.074050	223.509635
224.000000	-14.624843	3.076396	224.476917
224.000000	-14.624843	3.076396	224.476917
225.000000	-14.142133	3.078821	225.444006
225.000000	-14.142133	3.078821	225.444006
225.000000	-14.142133	3.078821	225.444006
226.000000	-13.637887	3.081321	226.411113
226.000000	-13.637887	3.081321	226.411113
226.000000	-13.637887	3.081321	226.411113
227.000000	-13.113184	3.083890	227.378441
227.000000	-13.113184	3.083890	227.378441
227.000000	-13.113184	3.083890	227.378441
228.000000	-12.569155	3.086521	228.346193
228.000000	-12.569155	3.086521	228.346193
228.000000	-12.569155	3.086521	228.346193
229.000000	-12.006977	3.089208	229.314560
229.000000	-12.006977	3.089208	229.314560
229.000000	-12.006977	3.089208	229.314560
230.000000	-11.427872	3.091947	230.283730
230.000000	-11.427872	3.091947	230.283730
230.000000	-11.427872	3.091947	230.283730
231.000000	-10.833105	3.094731	231.253878
231.000000	-10.833105	3.094731	231.253878
232.000000	-10.223977	3.097552	232.225170
232.000000	-10.223977	3.097552	232.225170
232.000000	-10.223977	3.097552	232.225170
233.000000	-9.601826	3.100406	233.197760
233.000000	-9.601826	3.100406	233.197760
233.000000	-9.601826	3.100406	233.197760
234.000000	-8.968018	3.103287	234.171786
234.000000	-8.968018	3.103287	234.171786
234.000000	-8.968018	3.103287	234.171786
235.000000	-8.323951	3.106186	235.147375
235.000000	-8.323951	3.106186	235.147375
235.000000	-8.323951	3.106186	235.147375
236.000000	-7.671042	3.109100	236.124638
236.000000	-7.671042	3.109100	236.124638
236.000000	-7.671042	3.109100	236.124638
237.000000	-7.010731	3.112020	237.103670
237.000000	-7.010731	3.112020	237.103670
238.000000	-6.344473	3.114942	238.084549
238.000000	-6.344473	3.114942	238.084549
238.000000	-6.344473	3.114942	238.084549
239.000000	-5.673736	3.117858	239.067336
239.000000	-5.673736	3.117858	239.067336
239.000000	-5.673736	3.117858	239.067336
240.000000	-4.999995	3.120762	240.052078
240.000000	-4.999995	3.120762	240.052078
240.000000	-4.999995	3.120762	240.052078
241.000000	-4.324732	3.123650	241.038800
241.000000	-4.324732	3.123650	241.038800
241.000000	-4.324732	3.123650	241.038800
242.000000	-3.649426	3.126514	242.027516
242.000000	-3.649426	3.126514	242.027516
242.000000	-3.649426	3.126514	242.027516
243.000000	-2.975556	3.129348	243.018217
243.000000	-2.975556	3.129348	243.018217
243.000000	-2.975556	3.129348	243.018217
244.000000	-2.304590	3.132148	244.010883
244.000000	-2.304590	3.132148	244.010883
245.000000	-1.637988	3.134907	245.005475
245.000000	-1.637988	3.134907	245.005475
245.000000	-1.637988	3.134907	245.005475
246.000000	-0.977192	3.137620	246.001941
246.000000	-0.977192	3.137620	246.001941
246.000000	-0.977192	3.137620	246.001941
247.000000	-0.323627	3.140283	247.000212
247.000000	-0.323627	3.140283	247.000212
247.000000	-0.323627	3.140283	247.000212
248.000000	0.321305	0.001296	248.000208
248.000000	0.321305	0.001296	248.000208
248.000000	0.321305	0.001296	248.000208
249.000000	0.956230	0.003840	249.001836
249.000000	0.956230	0.003840	249.001836
249.000000	0.956230	0.003840	249.001836
250.000000	1.579803	0.006319	250.004992
250.000000	1.579803	0.006319	250.004992
251.000000	2.190713	0.008728	251.009560
251.000000	2.190713	0.008728	251.009560
251.000000	2.190713	0.008728	251.009560
252.000000	2.787687	0.011062	252.015419
252.000000	2.787687	0.011062	252.015419
252.000000	2.787687	0.011062	252.015419
253.000000	3.369491	0.013317	253.022437
253.000000	3.369491	0.013317	253.022437
253.000000	3.369491	0.013317	253.022437
254.000000	3.934936	0.015491	254.030478
254.000000	3.934936	0.015491	254.030478
254.000000	3.934936	0.015491	254.030478
255.000000	4.482881	0.017578	255.039401
255.000000	4.482881	0.017578	255.039401
255.000000	4.482881	0.017578	255.039401
256.000000	5.012233	0.019577	256.049063
256.000000	5.012233	0.019577	256.049063
256.000000	5.012233	0.019577	256.049063
257.000000	5.521953	0.021483	257.059316
257.000000	5.521953	0.021483	257.059316
258.000000	6.011056	0.023294	258.070015
258.000000	6.011056	0.023294	258.070015
258.000000	6.011056	0.023294	258.070015
259.000000	6.478619	0.025009	259.081015
259.000000	6.478619	0.025009	259.081015
259.000000	6.478619	0.025009	259.081015
260.000000	6.923775	0.026624	260.092173
260.000000	6.923775	0.026624	260.092173
260.000000	6.923775	0.026624	260.092173
261.000000	7.345724	0.028137	261.103351
261.000000	7.345724	0.028137	261.103351
261.000000	7.345724	0.028137	261.103351
262.000000	7.743726	0.029548	262.114413
262.000000	7.743726	0.029548	262.114413
262.000000	7.743726	0.029548	262.114413
263.000000	8.117113	0.030854	263.125232
263.000000	8.117113	0.030854	263.125232
264.000000	8.465283	0.032054	264.135687
264.000000	8.465283	0.032054	264.135687
264.000000	8.465283	0.032054	264.135687
265.000000	8.787703	0.033149	265.145665
265.000000	8.787703	0.033149	265.145665
265.000000	8.787703	0.033149	265.145665
266.000000	9.083913	0.034137	266.155063
266.000000	9.083913	0.034137	266.155063
266.000000	9.083913	0.034137	266.155063
267.000000	9.353526	0.035018	267.163786
267.000000	9.353526	0.035018	267.163786
267.000000	9.353526	0.035018	267.163786
268.000000	9.596226	0.035792	268.171750
268.000000	9.596226	0.035792	268.171750
268.000000	9.596226	0.035792	268.171750
269.000000	9.811773	0.036459	269.178883
269.000000	9.811773	0.036459	269.178883
270.000000	10.000001	0.037020	270.185122
270.000000	10.000001	0.037020	270.185122
270.000000	10.000001	0.037020	270.185122
271.000000	10.160821	0.037476	271.190417
271.000000	10.160821	0.037476	271.190417
271.000000	10.160821	0.037476	271.190417
272.000000	10.294215	0.037828	272.194730
272.000000	10.294215	0.037828	272.194730
272.000000	10.294215	0.037828	272.194730
273.000000	10.400244	0.038078	273.198033
273.000000	10.400244	0.038078	273.198033
273.000000	10.400244	0.038078	273.198033
274.000000	10.479041	0.038226	274.200311
274.000000	10.479041	0.038226	274.200311
274.000000	10.479041	0.038226	274.200311
275.000000	10.530816	0.038275	275.201559
275.000000	10.530816	0.038275	275.201559
275.000000	10.530816	0.038275	275.201559
276.000000	10.555850	0.038227	276.201785
276.000000	10.555850	0.038227	276.201785
277.000000	10.554498	0.038084	277.201005
277.000000	10.554498	0.038084	277.201005
277.000000	10.554498	0.038084	277.201005
278.000000	10.527185	0.037849	278.199248
278.000000	10.527185	0.037849	278.199248
278.000000	10.527185	0.037849	278.199248
279.000000	10.474409	0.037525	279.196549
279.000000	10.474409	0.037525	279.196549
279.000000	10.474409	0.037525	279.196549
280.000000	10.396735	0.037114	280.192955
280.000000	10.396735	0.037114	280.192955
280.000000	10.396735	0.037114	280.192955
281.000000	10.294795	0.036620	281.188518
281.000000	10.294795	0.036620	281.188518
281.000000	10.294795	0.036620	281.188518
282.000000	10.169286	0.036046	282.183299
282.000000	10.169286	0.036046	282.183299
283.000000	10.020969	0.035395	283.177365
283.000000	10.020969	0.035395	283.177365
283.000000	10.020969	0.035395	283.177365
284.000000	9.850666	0.034672	284.170786
284.000000	9.850666	0.034672	284.170786
284.000000	9.850666	0.034672	284.170786
285.000000	9.659257	0.033879	285.163639
285.000000	9.659257	0.033879	285.163639
285.000000	9.659257	0.033879	285.163639
286.000000	9.447678	0.033022	286.156004
286.000000	9.447678	0.033022	286.156004
286.000000	9.447678	0.033022	286.156004
287.000000	9.216919	0.032104	287.147961
287.000000	9.216919	0.032104	287.147961
287.000000	9.216919	0.032104	287.147961
288.000000	8.968020	0.031129	288.139594
288.000000	8.968020	0.031129	288.139594
288.000000	8.968020	0.031129	288.139594
289.000000	8.702070	0.030102	289.130984
289.000000	8.702070	0.030102	289.130984
290.000000	8.420199	0.029027	290.122215
290.000000	8.420199	0.029027	290.122215
290.000000	8.420199	0.029027	290.122215
291.000000	8.123582	0.027909	291.113367
291.000000	8.123582	0.027909	291.113367
291.000000	8.123582	0.027909	291.113367
292.000000	7.813430	0.026752	292.104518
292.000000	7.813430	0.026752	292.104518
292.000000	7.813430	0.026752	292.104518
293.000000	7.490988	0.025561	293.095744
293.000000	7.490988	0.025561	293.095744
293.000000	7.490988	0.025561	293.095744
294.000000	7.157534	0.024341	294.087113
294.000000	7.157534	0.024341	294.087113
294.000000	7.157534	0.024341	294.087113
295.000000	6.814370	0.023095	295.078694
295.000000	6.814370	0.023095	295.078694
296.000000	6.462825	0.021830	296.070546
296.000000	6.462825	0.021830	296.070546
296.000000	6.462825	0.021830	296.070546
297.000000	6.104247	0.020550	297.062724
297.000000	6.104247	0.020550	297.062724
297.000000	6.104247	0.020550	297.062724
298.000000	5.739997	0.019259	298.055276
298.000000	5.739997	0.019259	298.055276
298.000000	5.739997	0.019259	298.055276
299.000000	5.371453	0.017963	299.048244
299.000000	5.371453	0.017963	299.048244
299.000000	5.371453	0.017963	299.048244
300.000000	4.999997	0.016665	300.041664
300.000000	4.999997	0.016665	300.041664
300.000000	4.999997	0.016665	300.041664
301.000000	4.627018	0.015371	301.035562
301.000000	4.627018	0.015371	301.035562
301.000000	4.627018	0.015371	301.035562
302.000000	4.253905	0.014085	302.029958
302.000000	4.253905	0.014085	302.029958
303.000000	3.882043	0.012811	303.024867
303.000000	3.882043	0.012811	303.024867
303.000000	3.882043	0.012811	303.024867
304.000000	3.512809	0.011555	304.020295
304.000000	3.512809	0.011555	304.020295
304.000000	3.512809	0.011555	304.020295
305.000000	3.147571	0.010320	305.016241
305.000000	3.147571	0.010320	305.016241
305.000000	3.147571	0.010320	305.016241
306.000000	2.787680	0.009110	306.012698
306.000000	2.787680	0.009110	306.012698
306.000000	2.787680	0.009110	306.012698
307.000000	2.434468	0.007930	307.009652
307.000000	2.434468	0.007930	307.009652
307.000000	2.434468	0.007930	307.009652
308.000000	2.089245	0.006783	308.007086
308.000000	2.089245	0.006783	308.007086
309.000000	1.753296	0.005674	309.004974
309.000000	1.753296	0.005674	309.004974
309.000000	1.753296	0.005674	309.004974
310.000000	1.427873	0.004606	310.003288
310.000000	1.427873	0.004606	310.003288
310.000000	1.427873	0.004606	310.003288
311.000000	1.114197	0.003583	311.001996
311.000000	1.114197	0.003583	311.001996
311.000000	1.114197	0.003583	311.001996
312.000000	0.813451	0.002607	312.001060
312.000000	0.813451	0.002607	312.001060
312.000000	0.813451	0.002607	312.001060
313.000000	0.526777	0.001683	313.000443
313.000000	0.526777	0.001683	313.000443
313.000000	0.526777	0.001683	313.000443
314.000000	0.255275	0.000813	314.000104
314.000000	0.255275	0.000813	314.000104
315.000000	-0.000002	3.141593	315.000000
315.000000	-0.000002	3.141593	315.000000
315.000000	-0.000002	3.141593	315.000000
316.000000	-0.238052	3.140839	316.000090
316.000000	-0.238052	3.140839	316.000090
316.000000	-0.238052	3.140839	316.000090
317.000000	-0.457924	3.140148	317.000331
317.000000	-0.457924	3.140148	317.000331
317.000000	-0.457924	3.140148	317.000331
318.000000	-0.658723	3.139521	318.000682
318.000000	-0.658723	3.139521	318.000682
318.000000	-0.658723	3.139521	318.000682
319.000000	-0.839611	3.138961	319.001105
319.000000	-0.839611	3.138961	319.001105
319.000000	-0.839611	3.138961	319.001105
320.000000	-0.999811	3.138468	320.001562
320.000000	-0.999811	3.138468	320.001562
320.000000	-0.999811	3.138468	320.001562
321.000000	-1.138607	3.138046	321.002019
321.000000	-1.138607	3.138046	321.002019
322.000000	-1.255348	3.137694	322.002447
322.000000	-1.255348	3.137694	322.002447
322.000000	-1.255348	3.137694	322.002447
323.000000	-1.349450	3.137415	323.002819
323.000000	-1.349450	3.137415	323.002819
323.000000	-1.349450	3.137415	323.002819
324.000000	-1.420396	3.137209	324.003113
324.000000	-1.420396	3.137209	324.003113
324.000000	-1.420396	3.137209	324.003113
325.000000	-1.467738	3.137077	325.003314
325.000000	-1.467738	3.137077	325.003314
325.000000	-1.467738	3.137077	325.003314
326.000000	-1.491100	3.137019	326.003410
326.000000	-1.491100	3.137019	326.003410
326.000000	-1.491100	3.137019	326.003410
327.000000	-1.490178	3.137036	327.003395
327.000000	-1.490178	3.137036	327.003395
328.000000	-1.464738	3.137127	328.003270
328.000000	-1.464738	3.137127	328.003270
328.000000	-1.464738	3.137127	328.003270
329.000000	-1.414622	3.137293	329.003041
329.000000	-1.414622	3.137293	329.003041
329.000000	-1.414622	3.137293	329.003041
330.000000	-1.339745	3.137533	330.002720
330.000000	-1.339745	3.137533	330.002720
330.000000	-1.339745	3.137533	330.002720
331.000000	-1.240097	3.137846	331.002323
331.000000	-1.240097	3.137846	331.002323
331.000000	-1.240097	3.137846	331.002323
332.000000	-1.115742	3.138232	332.001875
332.000000	-1.115742	3.138232	332.001875
332.000000	-1.115742	3.138232	332.001875
333.000000	-0.966817	3.138689	333.001404
333.000000	-0.966817	3.138689	333.001404
333.000000	-0.966817	3.138689	333.001404
334.000000	-0.793534	3.139217	334.000943
334.000000	-0.793534	3.139217	334.000943
335.000000	-0.596178	3.139813	335.000530
335.000000	-0.596178	3.139813	335.000530
335.000000	-0.596178	3.139813	335.000530
336.000000	-0.375108	3.140476	336.000209
336.000000	-0.375108	3.140476	336.000209
336.000000	-0.375108	3.140476	336.000209
337.000000	-0.130753	3.141205	337.000025
337.000000	-0.130753	3.141205	337.000025
337.000000	-0.130753	3.141205	337.000025
338.000000	0.136387	0.000404	338.000028
338.000000	0.136387	0.000404	338.000028
338.000000	0.136387	0.000404	338.000028
339.000000	0.425742	0.001256	339.000267
339.000000	0.425742	0.001256	339.000267
339.000000	0.425742	0.001256	339.000267
340.000000	0.736675	0.002167	340.000798
340.000000	0.736675	0.002167	340.000798
341.000000	1.068483	0.003133	341.001674
341.000000	1.068483	0.003133	341.001674
341.000000	1.068483	0.003133	341.001674
342.000000	1.420399	0.004153	342.002950
342.000000	1.420399	0.004153	342.002950
342.000000	1.420399	0.004153	342.002950
343.000000	1.791592	0.005223	343.004679
343.000000	1.791592	0.005223	343.004679
343.000000	1.791592	0.005223	343.004679
344.000000	2.181173	0.006341	344.006915
344.000000	2.181173	0.006341	344.006915
344.000000	2.181173	0.006341	344.006915
345.000000	2.588194	0.007502	345.009708
345.000000	2.588194	0.007502	345.009708
345.000000	2.588194	0.007502	345.009708
346.000000	3.011655	0.008704	346.013107
346.000000	3.011655	0.008704	346.013107
346.000000	3.011655	0.008704	346.013107
347.000000	3.450501	0.009943	347.017155
347.000000	3.450501	0.009943	347.017155
348.000000	3.903628	0.011217	348.021893
348.000000	3.903628	0.011217	348.021893
348.000000	3.903628	0.011217	348.021893
349.000000	4.369886	0.012521	349.027357
349.000000	4.369886	0.012521	349.027357
349.000000	4.369886	0.012521	349.027357
350.000000	4.848082	0.013851	350.033575
350.000000	4.848082	0.013851	350.033575
350.000000	4.848082	0.013851	350.033575
351.000000	5.336983	0.015204	351.040572
351.000000	5.336983	0.015204	351.040572
351.000000	5.336983	0.015204	351.040572
352.000000	5.835319	0.016576	352.048365
352.000000	5.835319	0.016576	352.048365
352.000000	5.835319	0.016576	352.048365
353.000000	6.341787	0.017963	353.056962
353.000000	6.341787	0.017963	353.056962
354.000000	6.855054	0.019362	354.066366
354.000000	6.855054	0.019362	354.066366
354.000000	6.855054	0.019362	354.066366
355.000000	7.373762	0.020768	355.076573
355.000000	7.373762	0.020768	355.076573
355.000000	7.373762	0.020768	355.076573
356.000000	7.896529	0.022178	356.087567
356.000000	7.896529	0.022178	356.087567
356.000000	7.896529	0.022178	356.087567
357.000000	8.421956	0.023587	357.099327
357.000000	8.421956	0.023587	357.099327
357.000000	8.421956	0.023587	357.099327
358.000000	8.948629	0.024991	358.111823
358.000000	8.948629	0.024991	358.111823
358.000000	8.948629	0.024991	358.111823
359.000000	9.475123	0.026387	359.125017
359.000000	9.475123	0.026387	359.125017
